0,393
0,536
0,386
0,243
0,298
0,316
0,391
0,5
0,293
0,535
0,388
0,288
0,387
0,385
0,283
0,384
0,319
0,311
0,310
0,309
0,299
0,317
14,3
13,3
0,534
0,268
0,267
0,266
0,496
0,265
0,264
0,263
0,262
0,261
0,260
0,259
0,258
0,257
0,256
0,493
0,255
0,254
0,253
0,252
0,492
0,251
0,250
0,249
0,248
0,247
0,246
0,245
0,244
0,242
0,241
0,487
0,240
0,486
0,239
0,485
0,238
0,504
0,237
0,484
0,236
0,483
0,235
0,482
0,234
0,530
0,233
0,502
0,232
0,501
0,231
0,481
0,230
0,480
0,229
0,228
0,227
0,226
0,225
0,224
0,223
0,222
0,221
0,220
0,476
0,219
0,475
0,218
0,477
0,217
0,474
0,216
0,473
0,215
0,471
0,214
0,470
0,213
0,212
0,211
0,528
0,210
0,469
0,209
0,468
0,208
0,207
0,206
0,466
0,205
0,204
0,203
0,202
0,308
0,201
0,306
0,200
0,304
0,199
0,302
0,198
0,197
0,498
0,196
0,195
0,194
0,193
0,192
0,63
0,53
0,52
0,51
0,315
0,50
0,313
0,49
0,312
0,48
0,472
0,2
0,0
0,533
0,314
0,47
0,46
0,45
23,34
23,33
23,32
23,31
23,30
23,29
23,28
23,27
23,26
23,25
23,24
23,23
23,22
23,21
23,20
23,19
23,18
23,17
23,16
23,15
23,14
23,13
23,12
23,11
23,10
23,9
23,8
23,7
23,6
23,5
23,4
23,3
0,497
0,6
0,62
0,61
0,60
0,59
0,58
0,465
0,57
23,2
23,0
0,56
0,55
0,54
0,286
0,529
0,10
0,499
0,8
46,4
46,3
46,2
0,11
46,1
46,0
0,4
23,36
84,4
84,3
84,2
84,1
84,0
83,4
83,3
